      P    1    1.19470      9.99561     3.76819    0.04150    13.80530
      C    2   -0.36428      1.99882     4.32850    0.03696     6.36428
      C    3   -0.29928      1.99866     4.26426    0.03635     6.29928
      S    4    2.42630      9.99798     3.33883    0.23689    13.57370
      O    5   -0.93552      1.99980     6.91121    0.02452     8.93552
      O    6   -0.98215      1.99980     6.95298    0.02937     8.98215
      O    7   -0.94974      1.99981     6.91834    0.03159     8.94974
      C    8   -0.18792      1.99906     4.16949    0.01938     6.18792
      C    9   -0.18082      1.99915     4.16391    0.01776     6.18082
      C   10   -0.20013      1.99914     4.18291    0.01809     6.20013
      C   11   -0.18692      1.99905     4.16625    0.02162     6.18692
      H   12    0.24742      0.00000     0.75126    0.00132     0.75258
      H   13    0.21133      0.00000     0.78752    0.00115     0.78867
      H   14    0.21577      0.00000     0.78214    0.00210     0.78423
      C   15   -0.56888      1.99911     4.55463    0.01513     6.56888
      H   16    0.19074      0.00000     0.80743    0.00183     0.80926
      H   17    0.21156      0.00000     0.78648    0.00195     0.78844
      C   18   -0.32618      1.99886     4.29563    0.03169     6.32618
      C   19   -0.02024      1.99893     3.99720    0.02411     6.02024
      C   20   -0.19865      1.99906     4.18030    0.01928     6.19865
      C   21   -0.17375      1.99906     4.15742    0.01727     6.17375
      C   22   -0.19538      1.99915     4.17892    0.01731     6.19538
      C   23   -0.18587      1.99915     4.16961    0.01711     6.18587
      H   24    0.21126      0.00000     0.78759    0.00114     0.78874
      C   25   -0.48527      1.99928     4.45846    0.02753     6.48527
      C   26   -0.40310      1.99933     4.38615    0.01763     6.40310
      C   27   -0.21234      1.99929     4.19213    0.02092     6.21234
      H   28    0.21670      0.00000     0.78036    0.00294     0.78330
      C   29   -0.20253      1.99936     4.18716    0.01601     6.20253
      H   30    0.20671      0.00000     0.79062    0.00268     0.79329
      H   31    0.20458      0.00000     0.79304    0.00238     0.79542
      C   32   -0.38437      1.99936     4.37002    0.01499     6.38437
      H   33    0.22083      0.00000     0.77681    0.00236     0.77917
      C   34   -0.37813      1.99936     4.36513    0.01364     6.37813
      H   35    0.17760      0.00000     0.82055    0.00185     0.82240
      H   36    0.21458      0.00000     0.78385    0.00157     0.78542
      H   37    0.18393      0.00000     0.81416    0.00192     0.81607
      H   38    0.20254      0.00000     0.79598    0.00148     0.79746
      H   39    0.18862      0.00000     0.80978    0.00160     0.81138
      C   40   -0.20338      1.99936     4.18660    0.01742     6.20338
      H   41    0.22265      0.00000     0.77480    0.00255     0.77735
      C   42   -0.59796      1.99941     4.58834    0.01021     6.59796
      H   43    0.20117      0.00000     0.79742    0.00141     0.79883
      H   44    0.19959      0.00000     0.79918    0.00122     0.80041
      H   45    0.19223      0.00000     0.80643    0.00135     0.80777
      C   46   -0.59164      1.99941     4.58248    0.00975     6.59164
      H   47    0.20292      0.00000     0.79607    0.00101     0.79708
      H   48    0.18399      0.00000     0.81447    0.00154     0.81601
      H   49    0.23850      0.00000     0.76023    0.00127     0.76150
      C   50   -0.58170      1.99944     4.57313    0.00914     6.58170
      H   51    0.20630      0.00000     0.79261    0.00109     0.79370
      H   52    0.20208      0.00000     0.79688    0.00104     0.79792
      H   53    0.19868      0.00000     0.80004    0.00128     0.80132
      H   54    0.21233      0.00000     0.78652    0.00115     0.78767
      H   55    0.20584      0.00000     0.79245    0.00171     0.79416
      H   56    0.21274      0.00000     0.78599    0.00127     0.78726
      C   57   -0.20367      1.99873     4.18245    0.02248     6.20367
      C   58    0.43316      1.99834     3.54039    0.02811     5.56684
      C   59    0.43832      1.99833     3.53603    0.02732     5.56168
      C   60   -0.29069      1.99902     4.27338    0.01829     6.29069
      C   61   -0.26350      1.99902     4.24660    0.01788     6.26350
      C   62   -0.15850      1.99920     4.14190    0.01741     6.15850
      H   63    0.22542      0.00000     0.77333    0.00125     0.77458
      H   64    0.23625      0.00000     0.76262    0.00113     0.76375
      H   65    0.21855      0.00000     0.78041    0.00104     0.78145
      F   66   -0.29900      1.99993     7.29083    0.00823     9.29900
      F   67   -0.31938      1.99993     7.31109    0.00836     9.31938
      H   68    0.21317      0.00000     0.78563    0.00119     0.78683
     Ni   69    0.26149     17.99045     9.73724    0.01082    27.73851
      C   70   -0.52798      1.99928     4.51394    0.01475     6.52798
      H   71    0.24582      0.00000     0.75255    0.00162     0.75418
      H   72    0.21669      0.00000     0.78149    0.00182     0.78331
      C   73   -0.69545      1.99936     4.68412    0.01196     6.69545
      H   74    0.24334      0.00000     0.75579    0.00087     0.75666
      H   75    0.23344      0.00000     0.76569    0.00087     0.76656
      H   76    0.24119      0.00000     0.75770    0.00111     0.75881
      C   77    0.64569      1.99928     3.33024    0.02478     5.35431
      O   78   -0.50245      1.99973     6.47321    0.02952     8.50245
